group	command	option	value	combination	repo_state	transport	platform	stock_git_case	zmin_status	evidence	notes
Inspection and Comparison	diff	--unified	missing value	rev range operand	modified tracked history	local	all	git diff -U HEAD~1..HEAD	closed	git_diff_compat::diff_bare_unified_option_keeps_following_rev_operand	bare -U keeps following revision operand instead of consuming it as an option value
Inspection and Comparison	diff	-r	<empty>	rev range operand	modified tracked history	local	all	git diff -r HEAD~1..HEAD	closed	git_diff_compat::diff_bare_unified_option_keeps_following_rev_operand	recursive option preserves following revision range operand
Inspection and Comparison	diff	--dirstat	<empty>	treeish pair	modified tracked history	local	all	git diff --dirstat HEAD~1 HEAD	closed	git_diff_compat::diff_dirstat_matches_stock_git_for_treeish_pairs	dirstat output for treeish pairs matches stock Git
Inspection and Comparison	diff	--dirstat-by-file	<empty>	treeish pair	modified tracked history	local	all	git diff --dirstat-by-file HEAD~1 HEAD	closed	git_diff_compat::diff_dirstat_matches_stock_git_for_treeish_pairs	dirstat-by-file output for treeish pairs matches stock Git
Inspection and Comparison	diff	-X	<empty>	treeish pair	modified tracked history	local	all	git diff -X HEAD~1 HEAD	closed	git_diff_compat::diff_dirstat_family_matches_stock_git_for_porcelain_and_plumbing	short dirstat alias for treeish pairs matches stock Git
Inspection and Comparison	diff	-X	10	treeish pair	modified tracked history	local	all	git diff -X10 HEAD~1 HEAD	closed	git_diff_compat::diff_dirstat_family_matches_stock_git_for_porcelain_and_plumbing	short dirstat alias with cutoff 10 for treeish pairs matches stock Git
Inspection and Comparison	diff	--dirstat	files	treeish pair	modified tracked history	local	all	git diff --dirstat=files HEAD~1 HEAD	closed	git_diff_compat::diff_dirstat_family_matches_stock_git_for_porcelain_and_plumbing	dirstat=files output for treeish pairs matches stock Git
Inspection and Comparison	diff	--dirstat	files,10	treeish pair	modified tracked history	local	all	git diff --dirstat=files,10 HEAD~1 HEAD	closed	git_diff_compat::diff_dirstat_family_matches_stock_git_for_porcelain_and_plumbing	dirstat=files,10 output for treeish pairs matches stock Git
Inspection and Comparison	diff	--dirstat	cumulative	treeish pair	modified tracked history	local	all	git diff --dirstat=cumulative HEAD~1 HEAD	closed	git_diff_compat::diff_dirstat_family_matches_stock_git_for_porcelain_and_plumbing	dirstat=cumulative output for treeish pairs matches stock Git
Inspection and Comparison	diff	--dirstat-by-file	10,cumulative	treeish pair	modified tracked history	local	all	git diff --dirstat-by-file=10,cumulative HEAD~1 HEAD	closed	git_diff_compat::diff_dirstat_family_matches_stock_git_for_porcelain_and_plumbing	dirstat-by-file=10,cumulative output for treeish pairs matches stock Git
Inspection and Comparison	diff	--cumulative	<empty>	treeish pair	modified tracked history	local	all	git diff --cumulative HEAD~1 HEAD	closed	git_diff_compat::diff_dirstat_family_matches_stock_git_for_porcelain_and_plumbing	standalone cumulative aliases dirstat cumulative output for treeish pairs like stock Git
Inspection and Comparison	diff	--cumulative	<empty>	--dirstat treeish pair	modified tracked history	local	all	git diff --dirstat --cumulative HEAD~1 HEAD	closed	git_diff_compat::diff_dirstat_family_matches_stock_git_for_porcelain_and_plumbing	cumulative dirstat output for treeish pairs matches stock Git
Inspection and Comparison	diff	<blob> <blob>	blob object ids	blob operand pair	loose blob objects	local	all	git diff <blob> <blob>	closed	git_diff_compat::diff_blob_to_blob_operands_match_stock_git	blob-to-blob diff accepts direct object ids and matches stock patch output, including empty output for identical blob operands
Inspection and Comparison	diff	<blob> <blob>	identical stage-0 index blobs	--raw --exit-code	tracked index with identical staged blobs	local	all	git diff --raw --exit-code :a.txt :b.txt	closed	git_object_plumbing_compat::index_stage_object_paths_match_stock_git	raw diff exit status for identical stage-0 index blobs matches stock Git
Inspection and Comparison	diff	<blob> <blob>	different stage-0 index blobs	--raw	tracked index with differing staged blobs	local	all	git diff --raw :a.txt :c.txt	closed	git_object_plumbing_compat::index_stage_object_paths_match_stock_git	raw diff output for differing stage-0 index blobs matches stock Git
Inspection and Comparison	diff	<blob> <blob>	different stage-0 index blobs	<none>	tracked index with differing staged blobs	local	all	git diff :a.txt :c.txt	closed	git_object_plumbing_compat::index_stage_object_paths_match_stock_git	patch diff output for differing stage-0 index blobs matches stock Git
Inspection and Comparison	diff	<tree> <blob>	mixed object ids	invalid mixed operand pair	loose blob and tree objects	local	all	git diff HEAD^{tree} <blob>	invalid-input	git_diff_compat::diff_mixed_tree_and_blob_operands_match_stock_git_usage	mixed tree/blob operands exit 129 with stock diff usage text in either order
Inspection and Comparison	diff	<rev>	three treeish operands	<none>	merge history	local	all	git diff main main^ side	closed	git_diff_compat::diff_tree_combined_raw_for_merge_matches_stock_git	combined porcelain diff for merge operands matches stock Git
Inspection and Comparison	diff	--line-prefix	abc	three treeish operands	merge history	local	all	git diff --line-prefix=abc main main^ side	closed	git_diff_compat::diff_tree_combined_raw_for_merge_matches_stock_git	line-prefix is applied to combined porcelain diff output like stock Git
Inspection and Comparison	diff	--output	git-diff.patch	HEAD~1 HEAD	two-commit file change	local	all	git diff --output=git-diff.patch HEAD~1 HEAD	closed	git_diff_compat::diff_output_and_plumbing_line_prefix_match_stock_git	output redirection writes two-commit porcelain diff output to a file like stock Git
Inspection and Comparison	diff	--reverse	<empty>	-p	modified worktree	local	all	git diff --reverse -p	closed	tools/git-diff-schema-oracle-smoke.sh::diff_reverse_long	long reverse spelling is accepted but does not reverse patch direction, matching stock Git
Inspection and Comparison	diff	-R	<empty>	--raw --no-abbrev	modified worktree	local	all	git diff -R --raw --no-abbrev	closed	git_diff_compat::diff_reverse_matches_stock_git_for_porcelain_and_plumbing	reverse raw worktree diff matches stock Git
Inspection and Comparison	diff	-R	<empty>	-p	modified worktree	local	all	git diff -R -p	closed	git_diff_compat::diff_reverse_matches_stock_git_for_porcelain_and_plumbing	reverse patch worktree diff matches stock Git
Inspection and Comparison	diff	-R	<empty>	--cached --raw --no-abbrev	staged changes	local	all	git diff --cached -R --raw --no-abbrev	closed	git_diff_compat::diff_reverse_matches_stock_git_for_porcelain_and_plumbing	reverse raw cached diff matches stock Git
Inspection and Comparison	diff	-R	<empty>	--cached -p	staged changes	local	all	git diff --cached -R -p	closed	git_diff_compat::diff_reverse_matches_stock_git_for_porcelain_and_plumbing	reverse patch cached diff matches stock Git
Inspection and Comparison	diff	-R	<empty>	--raw treeish pair	modified tracked history	local	all	git diff -R --raw HEAD~1 HEAD	closed	git_diff_compat::diff_reverse_matches_stock_git_for_porcelain_and_plumbing	reverse raw treeish diff matches stock Git
Inspection and Comparison	diff	-R	<empty>	-p treeish pair	modified tracked history	local	all	git diff -R -p HEAD~1 HEAD	closed	git_diff_compat::diff_reverse_matches_stock_git_for_porcelain_and_plumbing	reverse patch treeish diff matches stock Git
Inspection and Comparison	diff	--raw	<empty>	--no-abbrev rev operand	branch checkout with index entries	local	all	git diff --raw --no-abbrev initial	closed	git_diff_compat::diff_raw_after_branch_checkout_uses_index_blob_ids_like_stock_git	raw diff after branch checkout uses index blob ids like stock Git
Inspection and Comparison	diff	-S	needle	--name-only	modified worktree	local	all	git diff -Sneedle --name-only	closed	git_diff_compat::diff_pickaxe_matches_stock_git_for_porcelain_and_plumbing	pickaxe string worktree name-only output matches stock Git
Inspection and Comparison	diff	-G	changed	--name-only	modified worktree	local	all	git diff -Gchanged --name-only	closed	git_diff_compat::diff_pickaxe_matches_stock_git_for_porcelain_and_plumbing	pickaxe regex worktree name-only output matches stock Git
Inspection and Comparison	diff	--pickaxe-all	<empty>	-Sneedle --name-only	modified worktree	local	all	git diff --pickaxe-all -Sneedle --name-only	closed	git_diff_compat::diff_pickaxe_matches_stock_git_for_porcelain_and_plumbing	pickaxe-all expands matching output like stock Git
Inspection and Comparison	diff	--pickaxe-regex	<empty>	-Sneed.e --name-only	modified worktree	local	all	git diff --pickaxe-regex -Sneed.e --name-only	closed	git_diff_compat::diff_pickaxe_matches_stock_git_for_porcelain_and_plumbing	pickaxe regex mode for -S matches stock Git
Inspection and Comparison	diff	-S	needle	--name-only treeish pair	modified tracked history	local	all	git diff -Sneedle --name-only HEAD~1 HEAD	closed	git_diff_compat::diff_pickaxe_matches_stock_git_for_porcelain_and_plumbing	pickaxe string treeish name-only output matches stock Git
Inspection and Comparison	diff	-O	order file	--name-only	modified worktree	local	all	git diff -Oorder.txt --name-only	closed	git_diff_compat::diff_order_file_matches_stock_git_for_porcelain_and_plumbing	order-file worktree name-only output matches stock Git
Inspection and Comparison	diff	-O	order file	--name-only treeish pair	modified tracked history	local	all	git diff -Oorder.txt --name-only HEAD~1 HEAD	closed	git_diff_compat::diff_order_file_matches_stock_git_for_porcelain_and_plumbing	order-file treeish name-only output matches stock Git
Inspection and Comparison	diff	--skip-to	b.txt	--name-only	modified worktree	local	all	git diff --skip-to=b.txt --name-only	closed	git_diff_compat::diff_skip_and_rotate_match_stock_git_for_porcelain_and_plumbing	skip-to worktree ordering matches stock Git
Inspection and Comparison	diff	--rotate-to	b.txt	--name-only	modified worktree	local	all	git diff --rotate-to=b.txt --name-only	closed	git_diff_compat::diff_skip_and_rotate_match_stock_git_for_porcelain_and_plumbing	rotate-to worktree ordering matches stock Git
Inspection and Comparison	diff	--cached	<empty>	--name-status	staged add modify delete rename	local	all	git diff --cached --name-status	closed	git_diff_compat::diff_name_status_matches_stock_git_for_cached_and_worktree	cached name-status output matches stock Git
Inspection and Comparison	diff	--cached	<empty>	--name-status -z staged changes through replacement shim	staged modified and added files	local	all	git diff --cached --name-status -z	closed	tools/git-replacement-dogfood-smoke.sh::diff_cached_name_status_z	cached NUL-delimited name-status output matches stock Git through a git-in-PATH replacement shim
Inspection and Comparison	diff	<pathspec>	file	--cached --name-status -z through replacement shim	staged added file	local	all	git diff --cached --name-status -z -- new.txt	closed	tools/git-replacement-dogfood-smoke.sh::diff_cached_pathspec_name_status_z	cached NUL-delimited name-status file pathspec output matches stock Git through a git-in-PATH replacement shim
Inspection and Comparison	diff	--cached	<empty>	--name-only	staged add modify delete rename	local	all	git diff --cached --name-only	closed	git_diff_compat::diff_name_status_matches_stock_git_for_cached_and_worktree	cached name-only output matches stock Git
Inspection and Comparison	diff	--cached	<empty>	--stat	staged add modify delete rename	local	all	git diff --cached --stat	closed	git_diff_compat::diff_name_status_matches_stock_git_for_cached_and_worktree	cached stat output matches stock Git
Inspection and Comparison	diff	--cached	<empty>	--numstat	staged add modify delete rename	local	all	git diff --cached --numstat	closed	git_diff_compat::diff_name_status_matches_stock_git_for_cached_and_worktree	cached numstat output matches stock Git
Inspection and Comparison	diff	--cached	<empty>	--shortstat	staged add modify delete rename	local	all	git diff --cached --shortstat	closed	git_diff_compat::diff_name_status_matches_stock_git_for_cached_and_worktree	cached shortstat output matches stock Git
Inspection and Comparison	diff	--cached	<empty>	--raw	staged add modify delete rename	local	all	git diff --cached --raw	closed	git_diff_compat::diff_name_status_matches_stock_git_for_cached_and_worktree	cached raw output matches stock Git
Inspection and Comparison	diff	--cached	<empty>	--raw -z through replacement shim	staged modified and added files	local	all	git diff --cached --raw -z	closed	tools/git-replacement-dogfood-smoke.sh::diff_cached_raw_z	cached NUL-delimited raw output matches stock Git through a git-in-PATH replacement shim
Inspection and Comparison	diff	<pathspec>	file	--cached --raw -z through replacement shim	staged added file	local	all	git diff --cached --raw -z -- new.txt	closed	tools/git-replacement-dogfood-smoke.sh::diff_cached_pathspec_raw_z	cached NUL-delimited raw file pathspec output matches stock Git through a git-in-PATH replacement shim
Inspection and Comparison	diff	<pathspec>	file	--cached --raw -z through replacement shim	staged modified file	local	all	git diff --cached --raw -z -- tracked.txt	closed	tools/git-replacement-dogfood-smoke.sh::diff_cached_modified_pathspec_raw_z	cached NUL-delimited raw modified-file pathspec output matches stock Git through a git-in-PATH replacement shim
Inspection and Comparison	diff	--cached	<empty>	--summary	staged add modify delete rename	local	all	git diff --cached --summary	closed	git_diff_compat::diff_name_status_matches_stock_git_for_cached_and_worktree	cached summary output matches stock Git
Inspection and Comparison	diff	--cached	<empty>	<none>	staged add modify delete rename	local	all	git diff --cached	closed	git_diff_compat::diff_name_status_matches_stock_git_for_cached_and_worktree	cached default patch output matches stock Git
Inspection and Comparison	diff	--quiet	<empty>	--cached	staged changes	local	all	git diff --cached --quiet	closed	git_diff_compat::diff_name_status_matches_stock_git_for_cached_and_worktree	cached quiet exit behavior matches stock Git
Inspection and Comparison	diff	--exit-code	<empty>	--cached --name-only	staged changes	local	all	git diff --cached --exit-code --name-only	closed	git_diff_compat::diff_name_status_matches_stock_git_for_cached_and_worktree	cached exit-code output and status match stock Git
Inspection and Comparison	diff	--name-only	<empty>	--cached -z through replacement shim	staged modified and added files	local	all	git diff --cached --name-only -z	closed	tools/git-replacement-dogfood-smoke.sh::diff_cached_name_only_z	cached NUL-delimited name-only output matches stock Git through a git-in-PATH replacement shim
Inspection and Comparison	diff	<pathspec>	file	--cached --name-only -z through replacement shim	staged added file	local	all	git diff --cached --name-only -z -- new.txt	closed	tools/git-replacement-dogfood-smoke.sh::diff_cached_pathspec_name_only_z	cached NUL-delimited name-only file pathspec output matches stock Git through a git-in-PATH replacement shim
Inspection and Comparison	diff	--name-status	<empty>	<none>	modified worktree	local	all	git diff --name-status	closed	git_diff_compat::diff_name_status_matches_stock_git_for_cached_and_worktree	worktree name-status output matches stock Git
Inspection and Comparison	diff	--name-status	<empty>	-z through replacement shim	modified tracked file	local	all	git diff --name-status -z	closed	tools/git-replacement-dogfood-smoke.sh::diff_name_status_z	worktree NUL-delimited name-status output matches stock Git through a git-in-PATH replacement shim
Inspection and Comparison	diff	<pathspec>	directory	--name-status -z through replacement shim	dirty nested tracked file	local	all	git diff --name-status -z -- dir	closed	tools/git-replacement-dogfood-smoke.sh::diff_pathspec_dir_name_status_z	NUL-delimited name-status directory pathspec output matches stock Git through a git-in-PATH replacement shim
Inspection and Comparison	diff	--name-only	<empty>	<none>	modified worktree	local	all	git diff --name-only	closed	git_diff_compat::diff_name_status_matches_stock_git_for_cached_and_worktree	worktree name-only output matches stock Git
Inspection and Comparison	diff	--name-only	<empty>	-z through replacement shim	modified tracked file	local	all	git diff --name-only -z	closed	tools/git-replacement-dogfood-smoke.sh::diff_name_only_z	worktree NUL-delimited name-only output matches stock Git through a git-in-PATH replacement shim
Inspection and Comparison	diff	<pathspec>	directory	--name-only -z through replacement shim	dirty nested tracked file	local	all	git diff --name-only -z -- dir	closed	tools/git-replacement-dogfood-smoke.sh::diff_pathspec_dir_name_only_z	NUL-delimited name-only directory pathspec output matches stock Git through a git-in-PATH replacement shim
Inspection and Comparison	diff	--stat	<empty>	<none>	modified worktree	local	all	git diff --stat	closed	git_diff_compat::diff_name_status_matches_stock_git_for_cached_and_worktree	worktree stat output matches stock Git
Inspection and Comparison	diff	--numstat	<empty>	<none>	modified worktree	local	all	git diff --numstat	closed	git_diff_compat::diff_name_status_matches_stock_git_for_cached_and_worktree	worktree numstat output matches stock Git
Inspection and Comparison	diff	--shortstat	<empty>	<none>	modified worktree	local	all	git diff --shortstat	closed	git_diff_compat::diff_name_status_matches_stock_git_for_cached_and_worktree	worktree shortstat output matches stock Git
Inspection and Comparison	diff	--raw	<empty>	<none>	modified worktree	local	all	git diff --raw	closed	git_diff_compat::diff_name_status_matches_stock_git_for_cached_and_worktree	worktree raw output matches stock Git
Inspection and Comparison	diff	--raw	<empty>	-z through replacement shim	modified tracked file	local	all	git diff --raw -z	closed	tools/git-replacement-dogfood-smoke.sh::diff_raw_z	worktree NUL-delimited raw output matches stock Git through a git-in-PATH replacement shim
Inspection and Comparison	diff	--summary	<empty>	<none>	modified worktree	local	all	git diff --summary	closed	git_diff_compat::diff_name_status_matches_stock_git_for_cached_and_worktree	worktree summary output matches stock Git
Inspection and Comparison	diff	<none>	<empty>	<none>	modified worktree	local	all	git diff	closed	git_diff_compat::diff_name_status_matches_stock_git_for_cached_and_worktree	worktree default patch output matches stock Git
Inspection and Comparison	diff	<pathspec>	context.txt	<none>	modified text file with separated hunks and no trailing newline	local	all	git diff context.txt	closed	git_diff_compat::diff_patch_hunks_match_stock_git_for_context_and_no_newline	worktree patch hunks and no-newline marker match stock Git
Inspection and Comparison	diff	<pathspec>	context.txt	--cached	modified staged text file with separated hunks and no trailing newline	local	all	git diff --cached context.txt	closed	git_diff_compat::diff_patch_hunks_match_stock_git_for_context_and_no_newline	cached patch hunks and no-newline marker match stock Git
Inspection and Comparison	diff	<none>	<empty>	<none>	markdown edit plus empty and binary deletes	local	all	git diff	closed	git_diff_compat::diff_patch_matches_stock_git_for_markdown_empty_and_binary_deletes	markdown hunk plus empty-file and binary delete patch output matches stock Git
Inspection and Comparison	diff	<pathspec>	.changelog.yml	<none>	yaml hunk header worktree edit	local	all	git diff .changelog.yml	closed	git_diff_compat::diff_patch_matches_stock_git_for_yaml_hunk_headers	YAML hunk header patch output matches stock Git
Inspection and Comparison	diff	<none>	<empty>	<none>	json and markdown repeated blank alignment edits	local	all	git diff	closed	git_diff_compat::diff_patch_matches_stock_git_for_json_and_repeated_blank_alignment	JSON and repeated blank line patch alignment matches stock Git
Inspection and Comparison	diff	--quiet	<empty>	<none>	modified worktree	local	all	git diff --quiet	closed	git_diff_compat::diff_name_status_matches_stock_git_for_cached_and_worktree	worktree quiet exit behavior matches stock Git
Inspection and Comparison	diff	--exit-code	<empty>	--name-only	modified worktree	local	all	git diff --exit-code --name-only	closed	git_diff_compat::diff_name_status_matches_stock_git_for_cached_and_worktree	worktree exit-code output and status match stock Git
Inspection and Comparison	diff	--diff-filter	A	--cached --name-status	staged add modify delete	local	all	git diff --cached --name-status --diff-filter=A	closed	git_diff_compat::diff_filter_matches_stock_git_for_cached_formats	cached diff-filter add-only name-status output matches stock Git
Inspection and Comparison	diff	--diff-filter	D	--cached --name-status	staged add modify delete	local	all	git diff --cached --name-status --diff-filter=D	closed	git_diff_compat::diff_filter_matches_stock_git_for_cached_formats	cached diff-filter delete-only name-status output matches stock Git
Inspection and Comparison	diff	--diff-filter	M	--cached --name-status	staged add modify delete	local	all	git diff --cached --name-status --diff-filter=M	closed	git_diff_compat::diff_filter_matches_stock_git_for_cached_formats	cached diff-filter modify-only name-status output matches stock Git
Inspection and Comparison	diff	--diff-filter	a	--cached --name-status	staged add modify delete	local	all	git diff --cached --name-status --diff-filter=a	closed	git_diff_compat::diff_filter_matches_stock_git_for_cached_formats	cached lowercase all-or-none add filter name-status output matches stock Git
Inspection and Comparison	diff	--diff-filter	AD	--cached --stat	staged add modify delete	local	all	git diff --cached --stat --diff-filter=AD	closed	git_diff_compat::diff_filter_matches_stock_git_for_cached_formats	cached diff-filter add-delete stat output matches stock Git
Inspection and Comparison	diff	--diff-filter	A	--cached --patch	staged add modify delete	local	all	git diff --cached --patch --diff-filter=A	closed	git_diff_compat::diff_filter_matches_stock_git_for_cached_formats	cached diff-filter add-only patch output matches stock Git
Inspection and Comparison	diff	--diff-filter	DM	--cached --numstat	staged add modify delete	local	all	git diff --cached --numstat --diff-filter=DM	closed	git_diff_compat::diff_filter_matches_stock_git_for_cached_formats	cached diff-filter delete-modify numstat output matches stock Git
Inspection and Comparison	diff	--diff-filter	m	--cached --shortstat	staged add modify delete	local	all	git diff --cached --shortstat --diff-filter=m	closed	git_diff_compat::diff_filter_matches_stock_git_for_cached_formats	cached lowercase all-or-none modify filter shortstat output matches stock Git
Inspection and Comparison	diff	--diff-filter	D*	--cached --name-status	staged add modify delete	local	all	git diff --cached --name-status --diff-filter=D*	closed	git_diff_compat::diff_filter_matches_stock_git_for_cached_formats	cached diff-filter all-if-delete name-status output matches stock Git
Inspection and Comparison	diff	--diff-filter	M*	--cached --name-status	staged add modify delete	local	all	git diff --cached --name-status --diff-filter=M*	closed	git_diff_compat::diff_filter_matches_stock_git_for_cached_formats	cached diff-filter all-if-modify name-status output matches stock Git
Inspection and Comparison	diff	--diff-filter	A*	--cached --name-status	staged add modify delete	local	all	git diff --cached --name-status --diff-filter=A*	closed	git_diff_compat::diff_filter_matches_stock_git_for_cached_formats	cached diff-filter all-if-add name-status output matches stock Git
Inspection and Comparison	diff	--diff-filter	DM*	--cached --name-status	staged add modify delete	local	all	git diff --cached --name-status --diff-filter=DM*	closed	git_diff_compat::diff_filter_matches_stock_git_for_cached_formats	cached diff-filter all-if-delete-or-modify name-status output matches stock Git
Inspection and Comparison	diff	--diff-filter	d*	--cached --name-status	staged add modify delete	local	all	git diff --cached --name-status --diff-filter=d*	closed	git_diff_compat::diff_filter_matches_stock_git_for_cached_formats	cached lowercase all-or-none delete filter name-status output matches stock Git
Inspection and Comparison	diff	--diff-filter	*D	--cached --name-status	staged add modify delete	local	all	git diff --cached --name-status --diff-filter=*D	closed	git_diff_compat::diff_filter_matches_stock_git_for_cached_formats	cached trailing delete star form name-status output matches stock Git
Inspection and Comparison	diff	--diff-filter	Z/@/A@	--cached --name-status	staged modify	local	all	git diff --cached --name-status --diff-filter=Z	invalid-input	git_diff_compat::diff_filter_invalid_change_classes_match_stock_git	invalid diff-filter change classes exit 129 with stock unknown-change-class diagnostics
Inspection and Comparison	diff	--no-patch	<empty>	--cached --exit-code/--quiet	staged changes	local	all	git diff --cached --no-patch --exit-code	closed	git_diff_compat::diff_no_patch_matches_stock_git_exit_behavior	no-patch cached exit behavior matches stock Git
Inspection and Comparison	diff	--relative	sub	--cached --name-only	staged nested paths	local	all	git diff --cached --relative=sub --name-only	closed	git_diff_compat::diff_relative_matches_stock_git_for_cached_formats	cached relative name-only output matches stock Git
Inspection and Comparison	diff	--relative	sub	--cached --name-status	staged nested paths	local	all	git diff --cached --relative=sub --name-status	closed	git_diff_compat::diff_relative_matches_stock_git_for_cached_formats	cached relative name-status output matches stock Git
Inspection and Comparison	diff	--relative	sub	--cached --stat	staged nested paths	local	all	git diff --cached --relative=sub --stat	closed	git_diff_compat::diff_relative_matches_stock_git_for_cached_formats	cached relative stat output matches stock Git
Inspection and Comparison	diff	--relative	sub	--cached --patch	staged nested paths	local	all	git diff --cached --relative=sub --patch	closed	git_diff_compat::diff_relative_matches_stock_git_for_cached_formats	cached relative patch output matches stock Git
Inspection and Comparison	diff	--no-relative	<empty>	--cached --relative=sub --name-only	staged nested paths	local	all	git diff --cached --relative=sub --no-relative --name-only	closed	git_diff_compat::diff_relative_matches_stock_git_for_cached_formats	no-relative override after relative path matches stock Git
Inspection and Comparison	diff	--relative	<empty>	subdir cwd	modified nested paths	local	all	git diff --relative	closed	git_diff_compat::diff_relative_matches_stock_git_for_cached_formats	relative output from subdirectory matches stock Git
Inspection and Comparison	diff	--text	<empty>	--cached	binary file staged	local	all	git diff --cached --text	closed	git_diff_compat::diff_text_treats_binary_as_text_like_stock_git	text mode treats binary file as text like stock Git
Inspection and Comparison	diff	-a	<empty>	--cached	binary file staged	local	all	git diff --cached -a	closed	git_diff_compat::diff_text_treats_binary_as_text_like_stock_git	short text alias treats binary file as text like stock Git
Inspection and Comparison	diff	--no-prefix	<empty>	--cached --patch	staged patch change	local	all	git diff --cached --patch --no-prefix	closed	git_diff_compat::diff_patch_format_options_match_stock_git	no-prefix cached patch headers match stock Git
Inspection and Comparison	diff	--src-prefix/--dst-prefix	custom prefixes	--cached --patch	staged patch change	local	all	git diff --cached --patch --src-prefix=old/ --dst-prefix=new/	closed	git_diff_compat::diff_patch_format_options_match_stock_git	custom cached patch prefixes match stock Git
Inspection and Comparison	diff	--unified	1	--cached --patch	staged patch change	local	all	git diff --cached --patch --unified=1	closed	git_diff_compat::diff_patch_format_options_match_stock_git	unified cached patch context with long option matches stock Git
Inspection and Comparison	diff	-U	1	--cached --patch	staged patch change	local	all	git diff --cached --patch -U1	closed	git_diff_compat::diff_patch_format_options_match_stock_git	unified cached patch context with short compact option matches stock Git
Inspection and Comparison	diff	--line-prefix	| | | 	--cached --patch	staged patch change	local	all	git diff --cached --patch --line-prefix='| | | '	closed	git_diff_compat::diff_patch_format_options_match_stock_git	line-prefixed cached patch output matches stock Git
Inspection and Comparison	diff	--output-indicator-new/--output-indicator-old/--output-indicator-context	>/</=	--cached --patch	staged patch change	local	all	git diff --cached --patch --output-indicator-new=> --output-indicator-old=< --output-indicator-context==	closed	git_diff_compat::diff_patch_format_options_match_stock_git	custom cached patch output indicators match stock Git
Inspection and Comparison	diff	--output-indicator-new	<empty>	--cached --patch	staged patch change	local	all	git diff --cached --patch --output-indicator-new=	closed	git_diff_compat::diff_patch_format_options_match_stock_git	empty new-line indicator for cached patch matches stock Git
Inspection and Comparison	diff	--inter-hunk-context	20	--cached --patch --unified=1	staged patch change	local	all	git diff --cached --patch --unified=1 --inter-hunk-context=20	closed	git_diff_compat::diff_patch_format_options_match_stock_git	inter-hunk context cached patch merging matches stock Git
Inspection and Comparison	diff	--full-index	<empty>	--cached --patch	staged patch change	local	all	git diff --cached --patch --full-index	closed	git_diff_compat::diff_patch_format_options_match_stock_git	full-index cached patch output matches stock Git
Inspection and Comparison	diff	-u	<empty>	--cached	staged patch change	local	all	git diff --cached -u	closed	git_diff_compat::diff_patch_format_options_match_stock_git	short unified cached patch output matches stock Git
Inspection and Comparison	diff	--patch-with-stat	<empty>	--cached	staged patch change	local	all	git diff --cached --patch-with-stat	closed	git_diff_compat::diff_patch_format_options_match_stock_git	patch-with-stat cached output matches stock Git
Inspection and Comparison	diff	--patch-with-raw	<empty>	--cached	staged patch change	local	all	git diff --cached --patch-with-raw	closed	git_diff_compat::diff_patch_format_options_match_stock_git	patch-with-raw cached output matches stock Git
Inspection and Comparison	diff	-s	<empty>	--cached	staged patch change	local	all	git diff --cached -s	closed	git_diff_compat::diff_patch_format_options_match_stock_git	silent cached diff output matches stock Git
Inspection and Comparison	diff	--abbrev	4	--cached --raw	staged patch change	local	all	git diff --cached --raw --abbrev=4	closed	git_diff_compat::diff_patch_format_options_match_stock_git	abbreviated raw cached output matches stock Git
Inspection and Comparison	diff	--numstat	<empty>	--cached -z	staged patch change	local	all	git diff --cached --numstat -z	closed	git_diff_compat::diff_patch_format_options_match_stock_git	NUL-delimited cached numstat output matches stock Git
Inspection and Comparison	diff	--no-abbrev	<empty>	--cached --raw	staged patch change	local	all	git diff --cached --raw --no-abbrev	closed	git_diff_compat::diff_patch_format_options_match_stock_git	full object id cached raw output matches stock Git
Inspection and Comparison	diff	--no-ext-diff/--no-textconv	<empty>	--cached	staged patch change	local	all	git diff --cached --no-ext-diff --no-textconv	closed	git_diff_compat::diff_patch_format_options_match_stock_git	disabled external diff and textconv cached output matches stock Git
Inspection and Comparison	diff	--no-color/--no-color-moved	<empty>	--cached	staged patch change	local	all	git diff --cached --no-color --no-color-moved	closed	git_diff_compat::diff_patch_format_options_match_stock_git	disabled color and color-moved cached output matches stock Git
Inspection and Comparison	diff	--color	never	--cached	staged patch change	local	all	git diff --cached --color=never	closed	git_diff_compat::diff_patch_format_options_match_stock_git	color never cached output matches stock Git
Inspection and Comparison	diff	--color	<empty>	--cached	staged patch change	local	all	git diff --cached --color	closed	git_diff_compat::diff_patch_format_options_match_stock_git	implicit color cached output matches stock Git
Inspection and Comparison	diff	--color	always	--cached	staged patch change	local	all	git diff --cached --color=always	closed	git_diff_compat::diff_patch_format_options_match_stock_git	forced color cached output matches stock Git
Inspection and Comparison	diff	--color	auto	--cached	staged patch change	local	all	git diff --cached --color=auto	closed	git_diff_compat::diff_patch_format_options_match_stock_git	auto color cached output matches stock Git
Inspection and Comparison	diff	--no-color	<empty>	--cached --color=always	staged patch change	local	all	git diff --cached --color=always --no-color	closed	git_diff_compat::diff_patch_format_options_match_stock_git	no-color override after forced color matches stock Git
Inspection and Comparison	diff	-M	<empty>	--cached --name-status	staged exact rename	local	all	git diff --cached -M --name-status	closed	git_diff_compat::diff_find_renames_exact_matches_stock_git_for_cached_formats	cached rename detection name-status output matches stock Git
Inspection and Comparison	diff	-M	<empty>	--cached --name-only	staged exact rename	local	all	git diff --cached -M --name-only	closed	git_diff_compat::diff_find_renames_exact_matches_stock_git_for_cached_formats	cached rename detection name-only output matches stock Git
Inspection and Comparison	diff	-M	<empty>	--cached --summary	staged exact rename	local	all	git diff --cached -M --summary	closed	git_diff_compat::diff_find_renames_exact_matches_stock_git_for_cached_formats	cached rename detection summary output matches stock Git
Inspection and Comparison	diff	-M	<empty>	--cached --raw	staged exact rename	local	all	git diff --cached -M --raw	closed	git_diff_compat::diff_find_renames_exact_matches_stock_git_for_cached_formats	cached rename detection raw output matches stock Git
Inspection and Comparison	diff	-M	<empty>	--cached --raw -z	staged exact rename	local	all	git diff --cached -M --raw -z	closed	git_diff_compat::diff_find_renames_exact_matches_stock_git_for_cached_formats	cached rename detection NUL raw output matches stock Git
Inspection and Comparison	diff	-M	<empty>	--cached --stat	staged exact rename	local	all	git diff --cached -M --stat	closed	git_diff_compat::diff_find_renames_exact_matches_stock_git_for_cached_formats	cached rename detection stat output matches stock Git
Inspection and Comparison	diff	-M	<empty>	--cached --numstat	staged exact rename	local	all	git diff --cached -M --numstat	closed	git_diff_compat::diff_find_renames_exact_matches_stock_git_for_cached_formats	cached rename detection numstat output matches stock Git
Inspection and Comparison	diff	-M	<empty>	--cached --name-status -z	staged exact rename	local	all	git diff --cached -M --name-status -z	closed	git_diff_compat::diff_find_renames_exact_matches_stock_git_for_cached_formats	cached rename detection NUL name-status output matches stock Git
Inspection and Comparison	diff	-M	<empty>	--cached	staged exact rename	local	all	git diff --cached -M	closed	git_diff_compat::diff_find_renames_exact_matches_stock_git_for_cached_formats	cached rename detection default patch output matches stock Git
Inspection and Comparison	diff	--find-renames	100%	--cached --name-status	staged exact rename	local	all	git diff --cached --find-renames=100% --name-status	closed	git_diff_compat::diff_find_renames_exact_matches_stock_git_for_cached_formats	cached long rename detection threshold output matches stock Git
Inspection and Comparison	diff	-C	<empty>	--cached --find-copies-harder --name-status	staged exact copy	local	all	git diff --cached -C --find-copies-harder --name-status	closed	git_diff_compat::diff_find_copies_exact_matches_stock_git_for_cached_formats	cached copy detection name-status output matches stock Git
Inspection and Comparison	diff	-C	<empty>	--cached --find-copies-harder --name-only	staged exact copy	local	all	git diff --cached -C --find-copies-harder --name-only	closed	git_diff_compat::diff_find_copies_exact_matches_stock_git_for_cached_formats	cached copy detection name-only output matches stock Git
Inspection and Comparison	diff	-C	<empty>	--cached --find-copies-harder --summary	staged exact copy	local	all	git diff --cached -C --find-copies-harder --summary	closed	git_diff_compat::diff_find_copies_exact_matches_stock_git_for_cached_formats	cached copy detection summary output matches stock Git
Inspection and Comparison	diff	-C	<empty>	--cached --find-copies-harder --raw	staged exact copy	local	all	git diff --cached -C --find-copies-harder --raw	closed	git_diff_compat::diff_find_copies_exact_matches_stock_git_for_cached_formats	cached copy detection raw output matches stock Git
Inspection and Comparison	diff	-C	<empty>	--cached --find-copies-harder --stat	staged exact copy	local	all	git diff --cached -C --find-copies-harder --stat	closed	git_diff_compat::diff_find_copies_exact_matches_stock_git_for_cached_formats	cached copy detection stat output matches stock Git
Inspection and Comparison	diff	-C	<empty>	--cached --find-copies-harder --numstat	staged exact copy	local	all	git diff --cached -C --find-copies-harder --numstat	closed	git_diff_compat::diff_find_copies_exact_matches_stock_git_for_cached_formats	cached copy detection numstat output matches stock Git
Inspection and Comparison	diff	-C	<empty>	--cached --find-copies-harder	staged exact copy	local	all	git diff --cached -C --find-copies-harder	closed	git_diff_compat::diff_find_copies_exact_matches_stock_git_for_cached_formats	cached copy detection default patch output matches stock Git
Inspection and Comparison	diff	--find-copies	50%	--cached --find-copies-harder --name-status	staged similar copy	local	all	git diff --cached --find-copies=50% --find-copies-harder --name-status	closed	git_diff_compat::diff_find_copies_exact_matches_stock_git_for_cached_formats	cached long copy detection threshold output matches stock Git
Inspection and Comparison	diff	-C	90%	--cached --find-copies-harder --name-status	staged similar copy	local	all	git diff --cached -C90% --find-copies-harder --name-status	closed	git_diff_compat::diff_find_copies_exact_matches_stock_git_for_cached_formats	cached compact copy detection threshold output matches stock Git
Inspection and Comparison	diff	--find-copies-harder	<empty>	--cached -C --name-status	staged exact copy	local	all	git diff --cached -C --find-copies-harder --name-status	closed	git_diff_compat::diff_find_copies_exact_matches_stock_git_for_cached_formats	find-copies-harder enables copy detection against unmodified sources like stock Git
Inspection and Comparison	diff	--word-diff	plain	<none>	modified text file	local	all	git diff --word-diff=plain	closed	git_diff_compat::diff_word_diff_plain_matches_stock_git_for_text_changes	plain word-diff output for worktree text changes matches stock Git
Inspection and Comparison	diff	--word-diff	porcelain	<none>	modified text file	local	all	git diff --word-diff=porcelain	closed	git_diff_compat::diff_word_diff_plain_matches_stock_git_for_text_changes	porcelain word-diff output for worktree text changes matches stock Git
Inspection and Comparison	diff	--word-diff	color	<none>	modified text file	local	all	git diff --word-diff=color	closed	git_diff_compat::diff_word_diff_plain_matches_stock_git_for_text_changes	color word-diff output for worktree text changes matches stock Git
Inspection and Comparison	diff	--word-diff	<empty>	<none>	modified text file	local	all	git diff --word-diff	closed	git_diff_compat::diff_word_diff_plain_matches_stock_git_for_text_changes	implicit word-diff mode output for worktree text changes matches stock Git
Inspection and Comparison	diff	--color-words	<empty>	HEAD~1 HEAD	two-commit file change	local	all	git diff --color-words HEAD~1 HEAD	closed	git_diff_compat::diff_color_words_and_word_diff_regex_match_stock_git_for_diff_family	color-words output for a committed treeish pair matches stock Git
Inspection and Comparison	diff	--color-words	[a-z]+	HEAD~1 HEAD	two-commit file change	local	all	git diff --color-words=[a-z]+ HEAD~1 HEAD	closed	git_diff_compat::diff_color_words_and_word_diff_regex_match_stock_git_for_diff_family	color-words with explicit regex for a committed treeish pair matches stock Git
Inspection and Comparison	diff	--word-diff-regex	[a-z]+	--word-diff=plain HEAD~1 HEAD	two-commit file change	local	all	git diff --word-diff-regex=[a-z]+ --word-diff=plain HEAD~1 HEAD	closed	git_diff_compat::diff_color_words_and_word_diff_regex_match_stock_git_for_diff_family	word-diff-regex with plain word-diff for a committed treeish pair matches stock Git
Inspection and Comparison	diff	--minimal	<empty>	<none>	repeated anchor text changes	local	all	git diff --minimal	closed	git_diff_compat::diff_algorithm_flags_match_stock_git_for_supported_modes	minimal diff algorithm output for worktree text changes matches stock Git
Inspection and Comparison	diff	--patience	<empty>	<none>	repeated anchor text changes	local	all	git diff --patience	closed	git_diff_compat::diff_algorithm_flags_match_stock_git_for_supported_modes	patience diff algorithm output for worktree text changes matches stock Git
Inspection and Comparison	diff	--histogram	<empty>	<none>	repeated anchor text changes	local	all	git diff --histogram	closed	git_diff_compat::diff_algorithm_flags_match_stock_git_for_supported_modes	histogram diff algorithm output for worktree text changes matches stock Git
Inspection and Comparison	diff	--diff-algorithm	myers	<none>	repeated anchor text changes	local	all	git diff --diff-algorithm=myers	closed	git_diff_compat::diff_algorithm_flags_match_stock_git_for_supported_modes	myers diff algorithm output for worktree text changes matches stock Git
Inspection and Comparison	diff	--diff-algorithm	minimal	<none>	repeated anchor text changes	local	all	git diff --diff-algorithm=minimal	closed	git_diff_compat::diff_algorithm_flags_match_stock_git_for_supported_modes	diff-algorithm minimal output for worktree text changes matches stock Git
Inspection and Comparison	diff	--anchored	common	<none>	repeated anchor text changes	local	all	git diff --anchored=common	closed	git_diff_compat::diff_algorithm_flags_match_stock_git_for_supported_modes	anchored diff output for worktree text changes matches stock Git
Inspection and Comparison	diff	-B	<empty>	<none>	complete file rewrite	local	all	git diff -B	closed	git_diff_compat::diff_break_rewrites_matches_stock_git_for_complete_rewrites	break-rewrites short option patch output for a complete rewrite matches stock Git
Inspection and Comparison	diff	--break-rewrites	<empty>	<none>	complete file rewrite	local	all	git diff --break-rewrites	closed	git_diff_compat::diff_break_rewrites_matches_stock_git_for_complete_rewrites	break-rewrites long option patch output for a complete rewrite matches stock Git
Inspection and Comparison	diff	-D	<empty>	<none>	deleted tracked file	local	all	git diff -D	closed	git_diff_compat::diff_irreversible_delete_matches_stock_git	irreversible-delete short option patch output for a deleted file matches stock Git
Inspection and Comparison	diff	--irreversible-delete	<empty>	<none>	deleted tracked file	local	all	git diff --irreversible-delete	closed	git_diff_compat::diff_irreversible_delete_matches_stock_git	irreversible-delete long option patch output for a deleted file matches stock Git
Inspection and Comparison	diff	-D	<empty>	--stat	deleted tracked file	local	all	git diff --stat -D	closed	git_diff_compat::diff_irreversible_delete_matches_stock_git	irreversible-delete option with stat output matches stock Git
Inspection and Comparison	diff	--stat	<empty>	<none>	text edit plus binary delete	local	all	git diff --stat	closed	git_diff_compat::diff_stat_binary_rows_align_like_stock_git	stat alignment for text changes and binary deletes matches stock Git
Inspection and Comparison	diff	--submodule	<empty>	<none>	modified submodule gitlink	local	all	git diff	closed	git_diff_compat::diff_submodule_gitlink_patch_matches_stock_git	default submodule gitlink patch output matches stock Git
Inspection and Comparison	diff	--submodule	short	<none>	modified submodule gitlink	local	all	git diff --submodule=short	closed	git_diff_compat::diff_submodule_gitlink_patch_matches_stock_git	short submodule gitlink patch output matches stock Git
Inspection and Comparison	diff	--submodule	log	<none>	modified submodule gitlink	local	all	git diff --submodule=log	closed	git_diff_compat::diff_submodule_gitlink_patch_matches_stock_git	log submodule gitlink patch output matches stock Git
Inspection and Comparison	diff	--submodule	diff	<none>	modified submodule gitlink	local	all	git diff --submodule=diff	closed	git_diff_compat::diff_submodule_gitlink_patch_matches_stock_git	diff submodule gitlink patch output matches stock Git
Inspection and Comparison	diff	--ignore-submodules	<empty>	--name-status	modified submodule gitlink	local	all	git diff --name-status --ignore-submodules	closed	git_diff_compat::diff_submodule_gitlink_patch_matches_stock_git	default ignore-submodules name-status output matches stock Git
Inspection and Comparison	diff	--ignore-submodules	all	--name-status	modified submodule gitlink	local	all	git diff --name-status --ignore-submodules=all	closed	git_diff_compat::diff_submodule_gitlink_patch_matches_stock_git	ignore-submodules all name-status output matches stock Git
Inspection and Comparison	diff	--ignore-submodules	dirty	--name-status	modified submodule gitlink	local	all	git diff --name-status --ignore-submodules=dirty	closed	git_diff_compat::diff_submodule_gitlink_patch_matches_stock_git	ignore-submodules dirty name-status output matches stock Git
Inspection and Comparison	diff	--ignore-submodules	none	--name-status	modified submodule gitlink	local	all	git diff --name-status --ignore-submodules=none	closed	git_diff_compat::diff_submodule_gitlink_patch_matches_stock_git	ignore-submodules none name-status output matches stock Git
Inspection and Comparison	diff	--check	<empty>	pathspec clean tracked file	clean tracked file	local	all	git diff --check -- a.txt	closed	git_diff_compat::diff_check_and_no_index_errors_match_stock_git	clean pathspec check exits with stock stdout, stderr and status
Inspection and Comparison	diff	--check	<empty>	worktree whitespace errors	modified file has trailing whitespace and tab indentation	local	all	git diff --check	closed	git_diff_compat::diff_check_and_no_index_errors_match_stock_git	whitespace-error check diagnostics and exit status match stock Git
Inspection and Comparison	diff	--ignore-space-at-eol	<empty>	--cached --patch	staged whitespace and CRLF changes	local	all	git diff --cached --patch --ignore-space-at-eol	closed	git_diff_compat::diff_whitespace_options_match_stock_git	ignores end-of-line space changes in cached patch output like stock Git
Inspection and Comparison	diff	--ignore-cr-at-eol	<empty>	--cached --patch	staged whitespace and CRLF changes	local	all	git diff --cached --patch --ignore-cr-at-eol	closed	git_diff_compat::diff_whitespace_options_match_stock_git	ignores carriage returns at end of line in cached patch output like stock Git
Inspection and Comparison	diff	--ignore-space-change	<empty>	--cached --patch	staged whitespace and CRLF changes	local	all	git diff --cached --patch --ignore-space-change	closed	git_diff_compat::diff_whitespace_options_match_stock_git	ignores runs of whitespace changes in cached patch output like stock Git
Inspection and Comparison	diff	-b	<empty>	--cached --patch	staged whitespace and CRLF changes	local	all	git diff --cached --patch -b	closed	git_diff_compat::diff_whitespace_options_match_stock_git	short ignore-space-change cached patch output matches stock Git
Inspection and Comparison	diff	--ignore-all-space	<empty>	--cached --patch	staged whitespace and CRLF changes	local	all	git diff --cached --patch --ignore-all-space	closed	git_diff_compat::diff_whitespace_options_match_stock_git	ignores all whitespace in cached patch output like stock Git
Inspection and Comparison	diff	-w	<empty>	--cached --patch	staged whitespace and CRLF changes	local	all	git diff --cached --patch -w	closed	git_diff_compat::diff_whitespace_options_match_stock_git	short ignore-all-space cached patch output matches stock Git
Inspection and Comparison	diff	-w	<empty>	--cached --stat	staged whitespace and CRLF changes	local	all	git diff --cached --stat -w	closed	git_diff_compat::diff_whitespace_options_match_stock_git	ignore-all-space cached stat output matches stock Git
Inspection and Comparison	diff	--ignore-cr-at-eol	<empty>	--cached --stat	staged whitespace and CRLF changes	local	all	git diff --cached --stat --ignore-cr-at-eol	closed	git_diff_compat::diff_whitespace_options_match_stock_git	ignore-cr-at-eol cached stat output matches stock Git
Inspection and Comparison	diff	-w	<empty>	--cached --numstat	staged whitespace and CRLF changes	local	all	git diff --cached --numstat -w	closed	git_diff_compat::diff_whitespace_options_match_stock_git	ignore-all-space cached numstat output matches stock Git
Inspection and Comparison	diff	-w	<empty>	--cached --shortstat	staged whitespace and CRLF changes	local	all	git diff --cached --shortstat -w	closed	git_diff_compat::diff_whitespace_options_match_stock_git	ignore-all-space cached shortstat output matches stock Git
Inspection and Comparison	diff	--no-index	<empty>	<none>	two outside-index files	local	all	git diff --no-index a.txt b.txt	closed	git_diff_compat::diff_no_index_format_options_match_stock_git	default no-index patch output for two files matches stock Git
Inspection and Comparison	diff	--no-index	<empty>	missing second path	one existing worktree file and one missing path	local	all	git diff --no-index a.txt missing	invalid-input	git_diff_compat::diff_check_and_no_index_errors_match_stock_git	missing no-index path diagnostics and exit status match stock Git
Inspection and Comparison	diff	--no-index	<empty>	second path is /dev/null	one existing worktree file and /dev/null	local	unix	git diff --no-index a.txt /dev/null	closed	git_diff_compat::diff_check_and_no_index_errors_match_stock_git	no-index deletion comparison against /dev/null matches stock Git on Unix
Inspection and Comparison	diff	-R	<empty>	--no-index	two outside-index files	local	all	git diff --no-index -R a.txt b.txt	closed	git_diff_compat::diff_no_index_format_options_match_stock_git	reversed no-index patch output for two files matches stock Git
Inspection and Comparison	diff	--stat	<empty>	--no-index	two outside-index files	local	all	git diff --no-index --stat a.txt b.txt	closed	git_diff_compat::diff_no_index_format_options_match_stock_git	no-index stat output for two files matches stock Git
Inspection and Comparison	diff	-R	<empty>	--no-index --stat	two outside-index files	local	all	git diff --no-index -R --stat a.txt b.txt	closed	git_diff_compat::diff_no_index_format_options_match_stock_git	reversed no-index stat output for two files matches stock Git
Inspection and Comparison	diff	--numstat	<empty>	--no-index	two outside-index files	local	all	git diff --no-index --numstat a.txt b.txt	closed	git_diff_compat::diff_no_index_format_options_match_stock_git	no-index numstat output for two files matches stock Git
Inspection and Comparison	diff	--shortstat	<empty>	--no-index	two outside-index files	local	all	git diff --no-index --shortstat a.txt b.txt	closed	git_diff_compat::diff_no_index_format_options_match_stock_git	no-index shortstat output for two files matches stock Git
Inspection and Comparison	diff	--name-only	<empty>	--no-index	two outside-index files	local	all	git diff --no-index --name-only a.txt b.txt	closed	git_diff_compat::diff_no_index_format_options_match_stock_git	no-index name-only output for two files matches stock Git
Inspection and Comparison	diff	-R	<empty>	--no-index --name-only	two outside-index files	local	all	git diff --no-index -R --name-only a.txt b.txt	closed	git_diff_compat::diff_no_index_format_options_match_stock_git	reversed no-index name-only output for two files matches stock Git
Inspection and Comparison	diff	--name-status	<empty>	--no-index	two outside-index files	local	all	git diff --no-index --name-status a.txt b.txt	closed	git_diff_compat::diff_no_index_format_options_match_stock_git	no-index name-status output for two files matches stock Git
Inspection and Comparison	diff	-R	<empty>	--no-index --name-status	two outside-index files	local	all	git diff --no-index -R --name-status a.txt b.txt	closed	git_diff_compat::diff_no_index_format_options_match_stock_git	reversed no-index name-status output for two files matches stock Git
Inspection and Comparison	diff	--raw	<empty>	--no-index	two outside-index files	local	all	git diff --no-index --raw a.txt b.txt	closed	git_diff_compat::diff_no_index_format_options_match_stock_git	no-index raw output for two files matches stock Git
Inspection and Comparison	diff	-R	<empty>	--no-index --raw	two outside-index files	local	all	git diff --no-index -R --raw a.txt b.txt	closed	git_diff_compat::diff_no_index_format_options_match_stock_git	reversed no-index raw output for two files matches stock Git
Inspection and Comparison	diff	--summary	<empty>	--no-index	two outside-index files	local	all	git diff --no-index --summary a.txt b.txt	closed	git_diff_compat::diff_no_index_format_options_match_stock_git	no-index summary output for two files matches stock Git
Inspection and Comparison	diff	--patch-with-stat	<empty>	--no-index	two outside-index files	local	all	git diff --no-index --patch-with-stat a.txt b.txt	closed	git_diff_compat::diff_no_index_format_options_match_stock_git	no-index patch-with-stat output for two files matches stock Git
Inspection and Comparison	diff	--patch-with-raw	<empty>	--no-index	two outside-index files	local	all	git diff --no-index --patch-with-raw a.txt b.txt	closed	git_diff_compat::diff_no_index_format_options_match_stock_git	no-index patch-with-raw output for two files matches stock Git
Inspection and Comparison	diff	--no-patch	<empty>	--no-index	two outside-index files	local	all	git diff --no-index --no-patch a.txt b.txt	closed	git_diff_compat::diff_no_index_format_options_match_stock_git	no-index no-patch output for two files matches stock Git
Inspection and Comparison	diff	--quiet	<empty>	--no-index	two outside-index files	local	all	git diff --no-index --quiet a.txt b.txt	closed	git_diff_compat::diff_no_index_format_options_match_stock_git	no-index quiet exit behavior for two files matches stock Git
Inspection and Comparison	diff	-D	<empty>	--no-index /dev/null	deleted outside-index file	local	all	git diff --no-index -D a.txt /dev/null	closed	git_diff_compat::diff_no_index_format_options_match_stock_git	no-index irreversible-delete output against /dev/null matches stock Git
Inspection and Comparison	diff	--no-index	<empty>	<none>	two outside-index directories	local	all	git diff --no-index a b	closed	git_diff_compat::diff_no_index_directory_options_match_stock_git	default no-index directory patch output matches stock Git
Inspection and Comparison	diff	-R	<empty>	--no-index	two outside-index directories	local	all	git diff --no-index -R a b	closed	git_diff_compat::diff_no_index_directory_options_match_stock_git	reversed no-index directory patch output matches stock Git
Inspection and Comparison	diff	--stat	<empty>	--no-index	two outside-index directories	local	all	git diff --no-index --stat a b	closed	git_diff_compat::diff_no_index_directory_options_match_stock_git	no-index directory stat output matches stock Git
Inspection and Comparison	diff	-R	<empty>	--no-index --stat	two outside-index directories	local	all	git diff --no-index -R --stat a b	closed	git_diff_compat::diff_no_index_directory_options_match_stock_git	reversed no-index directory stat output matches stock Git
Inspection and Comparison	diff	--numstat	<empty>	--no-index	two outside-index directories	local	all	git diff --no-index --numstat a b	closed	git_diff_compat::diff_no_index_directory_options_match_stock_git	no-index directory numstat output matches stock Git
Inspection and Comparison	diff	-R	<empty>	--no-index --numstat	two outside-index directories	local	all	git diff --no-index -R --numstat a b	closed	git_diff_compat::diff_no_index_directory_options_match_stock_git	reversed no-index directory numstat output matches stock Git
Inspection and Comparison	diff	--shortstat	<empty>	--no-index	two outside-index directories	local	all	git diff --no-index --shortstat a b	closed	git_diff_compat::diff_no_index_directory_options_match_stock_git	no-index directory shortstat output matches stock Git
Inspection and Comparison	diff	--name-only	<empty>	--no-index	two outside-index directories	local	all	git diff --no-index --name-only a b	closed	git_diff_compat::diff_no_index_directory_options_match_stock_git	no-index directory name-only output matches stock Git
Inspection and Comparison	diff	-R	<empty>	--no-index --name-only	two outside-index directories	local	all	git diff --no-index -R --name-only a b	closed	git_diff_compat::diff_no_index_directory_options_match_stock_git	reversed no-index directory name-only output matches stock Git
Inspection and Comparison	diff	--name-status	<empty>	--no-index	two outside-index directories	local	all	git diff --no-index --name-status a b	closed	git_diff_compat::diff_no_index_directory_options_match_stock_git	no-index directory name-status output matches stock Git
Inspection and Comparison	diff	-R	<empty>	--no-index --name-status	two outside-index directories	local	all	git diff --no-index -R --name-status a b	closed	git_diff_compat::diff_no_index_directory_options_match_stock_git	reversed no-index directory name-status output matches stock Git
Inspection and Comparison	diff	--raw	<empty>	--no-index	two outside-index directories	local	all	git diff --no-index --raw a b	closed	git_diff_compat::diff_no_index_directory_options_match_stock_git	no-index directory raw output matches stock Git
Inspection and Comparison	diff	-R	<empty>	--no-index --raw	two outside-index directories	local	all	git diff --no-index -R --raw a b	closed	git_diff_compat::diff_no_index_directory_options_match_stock_git	reversed no-index directory raw output matches stock Git
Inspection and Comparison	diff	--summary	<empty>	--no-index	two outside-index directories	local	all	git diff --no-index --summary a b	closed	git_diff_compat::diff_no_index_directory_options_match_stock_git	no-index directory summary output matches stock Git
Inspection and Comparison	diff	--patch-with-stat	<empty>	--no-index	two outside-index directories	local	all	git diff --no-index --patch-with-stat a b	closed	git_diff_compat::diff_no_index_directory_options_match_stock_git	no-index directory patch-with-stat output matches stock Git
Inspection and Comparison	diff	-R	<empty>	--no-index --patch-with-stat	two outside-index directories	local	all	git diff --no-index -R --patch-with-stat a b	closed	git_diff_compat::diff_no_index_directory_options_match_stock_git	reversed no-index directory patch-with-stat output matches stock Git
Inspection and Comparison	diff	--patch-with-raw	<empty>	--no-index	two outside-index directories	local	all	git diff --no-index --patch-with-raw a b	closed	git_diff_compat::diff_no_index_directory_options_match_stock_git	no-index directory patch-with-raw output matches stock Git
Inspection and Comparison	diff	-R	<empty>	--no-index --patch-with-raw	two outside-index directories	local	all	git diff --no-index -R --patch-with-raw a b	closed	git_diff_compat::diff_no_index_directory_options_match_stock_git	reversed no-index directory patch-with-raw output matches stock Git
Inspection and Comparison	diff	--raw	<empty>	--no-index empty to right-only directory	left directory empty and right directory has one file	local	all	git diff --no-index --raw empty right-only	closed	git_diff_compat::diff_no_index_directory_options_match_stock_git	no-index raw output for empty-to-populated directory comparison matches stock Git
Inspection and Comparison	diff	--abbrev	4	--no-index --raw empty to right-only directory	left directory empty and right directory has one file	local	all	git diff --no-index --raw --abbrev=4 empty right-only	closed	git_diff_compat::diff_no_index_directory_options_match_stock_git	no-index abbreviated raw output for empty-to-populated directory comparison matches stock Git
Inspection and Comparison	diff	--no-abbrev	<empty>	--no-index --raw empty to right-only directory	left directory empty and right directory has one file	local	all	git diff --no-index --raw --no-abbrev empty right-only	closed	git_diff_compat::diff_no_index_directory_options_match_stock_git	no-index full-object raw output for empty-to-populated directory comparison matches stock Git
Inspection and Comparison	diff	--no-index	<empty>	file to directory mismatch	left side directory and right side file	local	all	git diff --no-index dir file.txt	closed	git_diff_compat::diff_no_index_file_directory_mismatch_matches_stock_git	no-index directory-to-file mismatch output and exit status match stock Git
Inspection and Comparison	diff	--no-index	<empty>	file to directory mismatch	left side file and right side directory	local	all	git diff --no-index file.txt dir	closed	git_diff_compat::diff_no_index_file_directory_mismatch_matches_stock_git	no-index file-to-directory mismatch output and exit status match stock Git
Inspection and Comparison	diff	--binary	<empty>	--no-index	two outside-index binary files	local	all	git diff --no-index --binary a.bin b.bin	closed	git_diff_compat::diff_no_index_binary_patch_matches_stock_git	no-index binary patch output for two binary files matches stock Git
Inspection and Comparison	diff	-R	<empty>	--no-index --binary	two outside-index binary files	local	all	git diff --no-index -R --binary a.bin b.bin	closed	git_diff_compat::diff_no_index_binary_patch_matches_stock_git	reversed no-index binary patch output for two binary files matches stock Git
Inspection and Comparison	diff	-I	DEBUG|TRACE	--cached	staged DEBUG/TRACE-only changes	local	all	git diff --cached -IDEBUG|TRACE	closed	git_diff_compat::diff_ignore_matching_lines_matches_stock_git	attached ignore-matching-lines regex suppresses staged patch hunks like stock Git
Inspection and Comparison	diff	-I	DEBUG|TRACE	--cached separate value	staged DEBUG/TRACE-only changes	local	all	git diff --cached -I DEBUG|TRACE	closed	git_diff_compat::diff_ignore_matching_lines_matches_stock_git	separate ignore-matching-lines regex suppresses staged patch hunks like stock Git
Inspection and Comparison	diff	--ignore-matching-lines	DEBUG|TRACE	--cached	staged DEBUG/TRACE-only changes	local	all	git diff --cached --ignore-matching-lines=DEBUG|TRACE	closed	git_diff_compat::diff_ignore_matching_lines_matches_stock_git	long ignore-matching-lines equals form suppresses staged patch hunks like stock Git
Inspection and Comparison	diff	--ignore-matching-lines	DEBUG|TRACE	--cached separate value	staged DEBUG/TRACE-only changes	local	all	git diff --cached --ignore-matching-lines DEBUG|TRACE	closed	git_diff_compat::diff_ignore_matching_lines_matches_stock_git	long ignore-matching-lines separate value suppresses staged patch hunks like stock Git
Inspection and Comparison	diff	-I	DEBUG|TRACE	--cached --stat	staged DEBUG/TRACE-only changes	local	all	git diff --cached --stat -IDEBUG|TRACE	closed	git_diff_compat::diff_ignore_matching_lines_matches_stock_git	ignore-matching-lines with stat output matches stock Git
Inspection and Comparison	diff	-I	DEBUG|TRACE	--cached --numstat	staged DEBUG/TRACE-only changes	local	all	git diff --cached --numstat -IDEBUG|TRACE	closed	git_diff_compat::diff_ignore_matching_lines_matches_stock_git	ignore-matching-lines with numstat output matches stock Git
Inspection and Comparison	diff	-I	DEBUG|TRACE	--cached --shortstat	staged DEBUG/TRACE-only changes	local	all	git diff --cached --shortstat -IDEBUG|TRACE	closed	git_diff_compat::diff_ignore_matching_lines_matches_stock_git	ignore-matching-lines with shortstat output matches stock Git
Inspection and Comparison	diff	--name-status	<empty>	HEAD~1 HEAD treeish pair	two-commit history	local	all	git diff --name-status HEAD~1 HEAD	closed	git_diff_compat::diff_treeish_forms_match_stock_git	name-status output for two explicit treeish operands matches stock Git
Inspection and Comparison	diff	--stat	<empty>	HEAD~1 HEAD treeish pair	two-commit history	local	all	git diff --stat HEAD~1 HEAD	closed	git_diff_compat::diff_treeish_forms_match_stock_git	stat output for two explicit treeish operands matches stock Git
Inspection and Comparison	diff	--raw	<empty>	HEAD~1 HEAD treeish pair	two-commit history	local	all	git diff --raw HEAD~1 HEAD	closed	git_diff_compat::diff_treeish_forms_match_stock_git	raw output for two explicit treeish operands matches stock Git
Inspection and Comparison	diff	<rev>	HEAD~1 HEAD	treeish pair	two-commit history	local	all	git diff HEAD~1 HEAD	closed	git_diff_compat::diff_treeish_forms_match_stock_git	default patch output for two explicit treeish operands matches stock Git
Inspection and Comparison	diff	--name-status	<empty>	HEAD vs worktree	modified tracked worktree	local	all	git diff --name-status HEAD	closed	git_diff_compat::diff_treeish_forms_match_stock_git	name-status output for HEAD-to-worktree diff matches stock Git
Inspection and Comparison	diff	--stat	<empty>	HEAD vs worktree	modified tracked worktree	local	all	git diff --stat HEAD	closed	git_diff_compat::diff_treeish_forms_match_stock_git	stat output for HEAD-to-worktree diff matches stock Git
Inspection and Comparison	diff	<pathspec>	a.txt	HEAD pathspec without --	modified tracked worktree	local	all	git diff HEAD a.txt	closed	git_diff_compat::diff_treeish_forms_match_stock_git	HEAD-to-worktree diff with a direct file pathspec matches stock Git
Inspection and Comparison	diff	<pathspec>	a.txt	HEAD -- pathspec	modified tracked worktree	local	all	git diff HEAD -- a.txt	closed	git_diff_compat::diff_treeish_forms_match_stock_git	HEAD-to-worktree diff with -- pathspec separator matches stock Git
Inspection and Comparison	diff	--cached	<empty>	--name-status HEAD	staged tracked modification	local	all	git diff --cached --name-status HEAD	closed	git_diff_compat::diff_treeish_forms_match_stock_git	cached name-status output against HEAD matches stock Git after staging a tracked modification
Inspection and Comparison	diff	--cached	<empty>	--stat HEAD	staged tracked modification	local	all	git diff --cached --stat HEAD	closed	git_diff_compat::diff_treeish_forms_match_stock_git	cached stat output against HEAD matches stock Git after staging a tracked modification
Inspection and Comparison	diff	diff.noPrefix	implicit true	global -c config	modified tracked worktree	local	all	git -c diff.noPrefix diff	closed	git_diff_compat::diff_prefix_config_matches_stock_git_for_porcelain	valueless diff.noPrefix config removes patch prefixes like stock Git
Inspection and Comparison	diff	diff.noPrefix	true	global -c config	modified tracked worktree	local	all	git -c diff.noPrefix=true diff	closed	git_diff_compat::diff_prefix_config_matches_stock_git_for_porcelain	true diff.noPrefix config removes patch prefixes like stock Git
Inspection and Comparison	diff	diff.mnemonicPrefix	implicit true	global -c config	modified tracked worktree	local	all	git -c diff.mnemonicPrefix diff	closed	git_diff_compat::diff_prefix_config_matches_stock_git_for_porcelain	valueless diff.mnemonicPrefix config uses mnemonic prefixes like stock Git
Inspection and Comparison	diff	diff.mnemonicPrefix	true	global -c config	modified tracked worktree	local	all	git -c diff.mnemonicPrefix=true diff	closed	git_diff_compat::diff_prefix_config_matches_stock_git_for_porcelain	true diff.mnemonicPrefix config uses mnemonic prefixes like stock Git
Inspection and Comparison	diff	diff.srcPrefix	x/	global -c config	modified tracked worktree	local	all	git -c diff.srcPrefix=x/ diff	closed	git_diff_compat::diff_prefix_config_matches_stock_git_for_porcelain	srcPrefix config changes the old-file patch prefix like stock Git
Inspection and Comparison	diff	diff.dstPrefix	y/	global -c config	modified tracked worktree	local	all	git -c diff.dstPrefix=y/ diff	closed	git_diff_compat::diff_prefix_config_matches_stock_git_for_porcelain	dstPrefix config changes the new-file patch prefix like stock Git
Inspection and Comparison	diff	diff.noPrefix	true	with dstPrefix/srcPrefix config	modified tracked worktree	local	all	git -c diff.dstPrefix=y/ -c diff.srcPrefix=x/ -c diff.noPrefix=true diff	closed	git_diff_compat::diff_prefix_config_matches_stock_git_for_porcelain	noPrefix config overrides explicit src/dst prefixes like stock Git
Inspection and Comparison	diff	diff.mnemonicPrefix	true	with dstPrefix/srcPrefix config	modified tracked worktree	local	all	git -c diff.dstPrefix=x/ -c diff.srcPrefix=y/ -c diff.mnemonicPrefix=true diff	closed	git_diff_compat::diff_prefix_config_matches_stock_git_for_porcelain	mnemonicPrefix config overrides explicit src/dst prefixes like stock Git
Inspection and Comparison	diff	--no-rename	<empty>	worktree default diff	modified tracked worktree	local	all	git diff --no-rename	invalid-input	git_diff_compat::diff_no_rename_abbreviation_is_rejected_like_stock_git	abbreviated no-rename spelling is rejected with stock invalid-option diagnostics
Inspection and Comparison	diff	--raw	<empty>	HEAD vs index/worktree	staged modify/add plus unstaged delete	local	all	git diff --raw HEAD	closed	git_diff_compat::diff_raw_treeish_to_worktree_hashes_worktree_objects_like_stock_git	raw HEAD-to-worktree output hashes worktree objects like stock Git
Inspection and Comparison	diff	--abbrev	4	--raw HEAD	staged modify/add plus unstaged delete	local	all	git diff --raw --abbrev=4 HEAD	closed	git_diff_compat::diff_raw_treeish_to_worktree_hashes_worktree_objects_like_stock_git	abbreviated raw HEAD-to-worktree output hashes worktree objects like stock Git
Inspection and Comparison	diff	--no-abbrev	<empty>	--raw HEAD	staged modify/add plus unstaged delete	local	all	git diff --raw --no-abbrev HEAD	closed	git_diff_compat::diff_raw_treeish_to_worktree_hashes_worktree_objects_like_stock_git	full raw HEAD-to-worktree output hashes worktree objects like stock Git
Inspection and Comparison	diff	--raw	<empty>	HEAD vs index/worktree with dirty staged path	staged modify/add plus unstaged delete and worktree rewrite	local	all	git diff --raw HEAD	closed	git_diff_compat::diff_raw_treeish_to_worktree_hashes_worktree_objects_like_stock_git	raw HEAD-to-worktree output updates worktree object hashes after additional unstaged rewrite like stock Git
Inspection and Comparison	diff	--compact-summary	<empty>	--stat	modified tracked worktree	local	all	git diff --stat --compact-summary	closed	tools/git-diff-schema-oracle-smoke.sh::diff_compact_summary	compact-summary parser surface with stat output compares exit, stdout and stderr with stock Git
Inspection and Comparison	diff	--default-prefix	<empty>	<none>	modified tracked worktree	local	all	git diff --default-prefix	closed	tools/git-diff-schema-oracle-smoke.sh::diff_default_prefix	default-prefix parser surface compares exit, stdout and stderr with stock Git
Inspection and Comparison	diff	--ignore-blank-lines	<empty>	<none>	modified tracked worktree	local	all	git diff --ignore-blank-lines	closed	tools/git-diff-schema-oracle-smoke.sh::diff_ignore_blank_lines	ignore-blank-lines parser surface compares exit, stdout and stderr with stock Git
Inspection and Comparison	diff	--no-color-moved-ws	<empty>	<none>	modified tracked worktree	local	all	git diff --no-color-moved-ws	closed	tools/git-diff-schema-oracle-smoke.sh::diff_no_color_moved_ws	no-color-moved-ws parser surface compares exit, stdout and stderr with stock Git
Inspection and Comparison	diff	--color-moved	<empty>	<none>	modified tracked worktree	local	all	git diff --color-moved	closed	tools/git-diff-schema-oracle-smoke.sh::diff_color_moved	color-moved parser surface compares exit, stdout and stderr with stock Git
Inspection and Comparison	diff	--color-moved-ws	ignore-space-change	<none>	modified tracked worktree	local	all	git diff --color-moved-ws=ignore-space-change	closed	tools/git-diff-schema-oracle-smoke.sh::diff_color_moved_ws	color-moved-ws parser surface compares exit, stdout and stderr with stock Git
Inspection and Comparison	diff	--ext-diff	<empty>	<none>	modified tracked worktree	local	all	git diff --ext-diff	closed	tools/git-diff-schema-oracle-smoke.sh::diff_ext_diff	ext-diff parser surface compares exit, stdout and stderr with stock Git on the helper-free local lane without an external diff driver
Inspection and Comparison	diff	--indent-heuristic	<empty>	<none>	modified tracked worktree	local	all	git diff --indent-heuristic	closed	tools/git-diff-schema-oracle-smoke.sh::diff_indent_heuristic	indent-heuristic parser surface compares exit, stdout and stderr with stock Git on the current modified tracked worktree lane
Inspection and Comparison	diff	--no-indent-heuristic	<empty>	<none>	modified tracked worktree	local	all	git diff --no-indent-heuristic	closed	tools/git-diff-schema-oracle-smoke.sh::diff_no_indent_heuristic	no-indent-heuristic parser surface compares exit, stdout and stderr with stock Git on the current modified tracked worktree lane
Inspection and Comparison	diff	--textconv	<empty>	<none>	modified tracked worktree	local	all	git diff --textconv	closed	tools/git-diff-schema-oracle-smoke.sh::diff_textconv	textconv parser surface compares exit, stdout and stderr with stock Git on the helper-free local lane without a configured textconv driver
Inspection and Comparison	diff	--no-full-index	<empty>	--raw	modified tracked worktree	local	all	git diff --raw --no-full-index	closed	tools/git-diff-schema-oracle-smoke.sh::diff_no_full_index	no-full-index parser surface with raw output compares exit, stdout and stderr with stock Git
Inspection and Comparison	diff	--no-renames	<empty>	--cached --name-status	staged exact rename	local	all	git diff --cached --name-status --no-renames	closed	tools/git-diff-schema-oracle-smoke.sh::diff_no_renames	no-renames parser surface disables rename detection and compares exit, stdout and stderr with stock Git
Inspection and Comparison	diff	--cc	<empty>	HEAD	merge history	local	all	git diff --cc HEAD	closed	tools/git-diff-schema-oracle-smoke.sh::diff_dense_combined	dense-combined parser surface on merge commit compares exit, stdout and stderr with stock Git
Inspection and Comparison	diff	--base	<empty>	<none>	unmerged worktree conflict	local	all	git diff --base	closed	git_diff_compat::diff_unmerged_stage_selectors_match_stock_git	base selector emits stock unmerged marker and selected-stage patch against conflict markers
Inspection and Comparison	diff	--ours	<empty>	<none>	unmerged worktree conflict	local	all	git diff --ours	closed	git_diff_compat::diff_unmerged_stage_selectors_match_stock_git	ours selector emits stock unmerged marker and selected-stage patch against conflict markers
Inspection and Comparison	diff	--theirs	<empty>	<none>	unmerged worktree conflict	local	all	git diff --theirs	closed	git_diff_compat::diff_unmerged_stage_selectors_match_stock_git	theirs selector emits stock unmerged marker and selected-stage patch against conflict markers
Inspection and Comparison	diff	-1	<empty>	<none>	unmerged worktree conflict	local	all	git diff -1	closed	git_diff_compat::diff_unmerged_stage_selectors_match_stock_git	short base selector emits stock unmerged marker and selected-stage patch against conflict markers
Inspection and Comparison	diff	-2	<empty>	<none>	unmerged worktree conflict	local	all	git diff -2	closed	git_diff_compat::diff_unmerged_stage_selectors_match_stock_git	short ours selector emits stock unmerged marker and selected-stage patch against conflict markers
Inspection and Comparison	diff	-3	<empty>	<none>	unmerged worktree conflict	local	all	git diff -3	closed	git_diff_compat::diff_unmerged_stage_selectors_match_stock_git	short theirs selector emits stock unmerged marker and selected-stage patch against conflict markers
Inspection and Comparison	diff	--rename-empty	<empty>	<none>	modified tracked worktree	local	all	git diff --rename-empty	closed	git_diff_compat::diff_noop_option_surface_matches_stock_git_for_porcelain_and_plumbing	rename-empty is accepted as a stock-compatible no-op on the current helper-free local non-rename worktree lane
Inspection and Comparison	diff	--no-rename-empty	<empty>	<none>	modified tracked worktree	local	all	git diff --no-rename-empty	closed	git_diff_compat::diff_noop_option_surface_matches_stock_git_for_porcelain_and_plumbing	no-rename-empty is accepted as a stock-compatible no-op on the current helper-free local non-rename worktree lane
Inspection and Comparison	diff	-l	1	<none>	modified tracked worktree	local	all	git diff -l1	closed	git_diff_compat::diff_noop_option_surface_matches_stock_git_for_porcelain_and_plumbing	short rename-limit is accepted as a stock-compatible no-op on the current helper-free local non-rename worktree lane
Inspection and Comparison	diff	-m	<empty>	<none>	modified tracked worktree	local	all	git diff -m	closed	git_diff_compat::diff_noop_option_surface_matches_stock_git_for_porcelain_and_plumbing	short merge-diff spelling is accepted as a stock-compatible no-op on the current helper-free local non-rename worktree lane
Inspection and Comparison	diff	-t	<empty>	<none>	modified tracked worktree	local	all	git diff -t	closed	git_diff_compat::diff_noop_option_surface_matches_stock_git_for_porcelain_and_plumbing	short tree-in-diff spelling is accepted as a stock-compatible no-op on the current helper-free local non-rename worktree lane
Inspection and Comparison	diff	--function-context	<empty>	<none>	modified tracked worktree	local	all	git diff --function-context	closed	git_diff_compat::diff_and_diff_files_remaining_documented_common_flags_match_stock_git	function-context stays stock-compatible on the current simple patch lane
Inspection and Comparison	diff	-W	<empty>	<none>	modified tracked worktree	local	all	git diff -W	closed	git_diff_compat::diff_and_diff_files_remaining_documented_common_flags_match_stock_git	short function-context spelling stays stock-compatible on the current simple patch lane
Inspection and Comparison	diff	--remerge-diff	<empty>	<none>	modified tracked worktree	local	all	git diff --remerge-diff	closed	git_diff_compat::diff_and_diff_files_remaining_documented_common_flags_match_stock_git	remerge-diff is accepted as a stock-compatible no-op on the current non-merge porcelain lane
Inspection and Comparison	diff	--ws-error-highlight	old,new,context	<none>	modified tracked worktree	local	all	git diff --ws-error-highlight=old,new,context	closed	git_diff_compat::diff_and_diff_files_remaining_documented_common_flags_match_stock_git	ws-error-highlight stays stock-compatible on the current patch lane without changing rendered output
Inspection and Comparison	diff	--diff-merges	combined	<none>	modified tracked worktree	local	all	git diff --diff-merges=combined	closed	git_diff_compat::diff_and_diff_files_remaining_documented_common_flags_match_stock_git	diff-merges=combined is accepted as a stock-compatible no-op on the current non-merge porcelain lane
Inspection and Comparison	diff	--find-object	HEAD:a.txt blob	<none>	modified tracked worktree	local	all	git diff --find-object=<HEAD:a.txt blob>	closed	git_diff_compat::diff_and_diff_files_remaining_documented_common_flags_match_stock_git	find-object stays stock-compatible on the current modified tracked worktree lane
Inspection and Comparison	diff	--dd	<empty>	<none>	modified tracked worktree	local	all	git diff --dd	closed	git_diff_compat::diff_and_diff_files_remaining_documented_common_flags_match_stock_git	dd is accepted as a stock-compatible no-op on the current non-merge porcelain lane
Inspection and Comparison	diff	--no-diff-merges	<empty>	<none>	modified tracked worktree	local	all	git diff --no-diff-merges	closed	git_diff_compat::diff_and_diff_files_remaining_documented_common_flags_match_stock_git	no-diff-merges is accepted as a stock-compatible no-op on the current non-merge porcelain lane
Inspection and Comparison	diff	-0	<empty>	<none>	modified tracked worktree	local	all	git diff -0	closed	git_diff_compat::diff_and_diff_files_remaining_documented_common_flags_match_stock_git	short ita-invisible-in-index spelling is accepted as a stock-compatible no-op on the current helper-free porcelain lane
Inspection and Comparison	diff	--ita-invisible-in-index	<empty>	--cached	modified tracked worktree plus staged addition	local	all	git diff --ita-invisible-in-index --cached	closed	git_diff_compat::diff_and_diff_files_remaining_documented_common_flags_match_stock_git	ita-invisible-in-index stays stock-compatible on the current cached porcelain lane
Inspection and Comparison	diff	--combined-all-paths	<empty>	<none>	modified tracked worktree	local	all	git diff --combined-all-paths	closed	git_diff_compat::diff_and_diff_files_remaining_documented_common_flags_match_stock_git	combined-all-paths emits the stock fatal requiring -c or --cc
Inspection and Comparison	diff	--no-stat	<empty>	<none>	modified tracked worktree	local	all	git diff --no-stat	closed	git_diff_compat::diff_family_final_documented_tail_matches_stock_git	no-stat emits the stock invalid-option usage diagnostic on the current porcelain lane
Inspection and Comparison	diff	<config>	core.bigFileThreshold=1	large-file binary patch selection	tracked file whose worktree size changes beyond the configured threshold	local	all	git -c core.bigFileThreshold=1 diff -- large.txt	closed	git_diff_compat::t1050_diff_big_file_threshold_marks_text_as_binary_like_stock_git; upstream-v2.47.1::t1050-large.sh	emits the stock Binary files a/... and b/... differ patch row for the large-file shortcut
